7
116
20709
54	54	54	54	54	54	54
361	361	361	361	361	361	361
155	155	155	155	155	155	155
777	777	777	777	777	777	777
154	154	154	154	154	154	154
50	50	50	50	50	50	50
9	9	9	9	9	9	9
458	458	458	458	458	458	458
155	155	155	155	155	155	155
189	189	189	189	189	189	189
2	2	2	2	2	2	2
253	253	253	253	253	253	253
45	45	45	45	45	45	45
89	89	89	89	89	89	89
2243	2243	2243	2243	2243	2243	2243
548	548	548	548	548	548	548
374	374	374	374	374	374	374
778	778	778	778	778	778	778
730	730	730	730	730	730	730
4648	4648	4648	4648	4648	4648	4648
513	513	513	513	513	513	513
5	5	5	5	5	5	5
3	3	3	3	3	3	3
16	16	16	16	16	16	16
43	43	43	43	43	43	43
15	15	15	15	15	15	15
152	152	152	152	152	152	152
93	93	93	93	93	93	93
197	197	197	197	197	197	197
234	234	234	234	234	234	234
884	884	884	884	884	884	884
12	12	12	12	12	12	12
50	50	50	50	50	50	50
61	61	61	61	61	61	61
15	15	15	15	15	15	15
32	32	32	32	32	32	32
241	241	241	241	241	241	241
5	5	5	5	5	5	5
1	1	1	1	1	1	1
1	1	1	1	1	1	1
16	16	16	16	16	16	16
49	49	49	49	49	49	49
140	140	140	140	140	140	140
5	5	5	5	5	5	5
55	55	55	55	55	55	55
15	15	15	15	15	15	15
335	335	335	335	335	335	335
44	44	44	44	44	44	44
14	14	14	14	14	14	14
1421	1421	1421	1421	1421	1421	1421
108	108	108	108	108	108	108
2027	2027	2027	2027	2027	2027	2027
6	6	6	6	6	6	6
1	1	1	1	1	1	1
3	3	3	3	3	3	3
4	4	4	4	4	4	4
1	1	1	1	1	1	1
55	55	55	55	55	55	55
1	1	1	1	1	1	1
11	11	11	11	11	11	11
10	10	10	10	10	10	10
19	19	19	19	19	19	19
62	62	62	62	62	62	62
46	46	46	46	46	46	46
9	9	9	9	9	9	9
7	7	7	7	7	7	7
51	51	51	51	51	51	51
101	101	101	101	101	101	101
43	43	43	43	43	43	43
25	25	25	25	25	25	25
40	40	40	40	40	40	40
158	158	158	158	158	158	158
58	58	58	58	58	58	58
35	35	35	35	35	35	35
33	33	33	33	33	33	33
170	170	170	170	170	170	170
27	27	27	27	27	27	27
13	13	13	13	13	13	13
7	7	7	7	7	7	7
190	190	190	190	190	190	190
56	56	56	56	56	56	56
245	245	245	245	245	245	245
44	44	44	44	44	44	44
5	5	5	5	5	5	5
87	87	87	87	87	87	87
25	25	25	25	25	25	25
6	6	6	6	6	6	6
21	21	21	21	21	21	21
68	68	68	68	68	68	68
122	122	122	122	122	122	122
104	104	104	104	104	104	104
431	431	431	431	431	431	431
742	742	742	742	742	742	742
206	206	206	206	206	206	206
1822	1822	1822	1822	1822	1822	1822
13341	13341	13341	13341	13341	13341	13341
587	587	587	587	587	587	587
1833	1833	1833	1833	1833	1833	1833
21463	21463	21463	21463	21463	21463	21463
1420	1420	1420	1420	1420	1420	1420
1303	1303	1303	1303	1303	1303	1303
827	827	827	827	827	827	827
954	954	954	954	954	954	954
51	51	51	51	51	51	51
1731	1731	1731	1731	1731	1731	1731
9031	9031	9031	9031	9031	9031	9031
9906	9906	9906	9906	9906	9906	9906
11232	11232	11232	11232	11232	11232	11232
76	76	76	76	76	76	76
2696	2696	2696	2696	2696	2696	2696
2610	2610	2610	2610	2610	2610	2610
13251	13251	13251	13251	13251	13251	13251
867	867	867	867	867	867	867
3234	3234	3234	3234	3234	3234	3234
18396	18396	18396	18396	18396	18396	18396
13711	13711	13711	13711	13711	13711	13711
24
9
86
88
69
59
14
186
132
152
15
378
1434
60
2026
360
91
439
629
2873
454
2
4
23
37
12
129
75
201
130
628
7
42
20
16
17
273
11
4
30
46
44
91
25
23
14
192
20
14
791
113
1327
6
6
6
3
2
28
2
1
1
18
33
20
3
0
27
95
29
19
17
63
32
25
19
156
9
19
4
103
39
128
28
2
31
13
5
12
36
71
75
217
668
103
1590
18130
740
1600
14586
1268
936
649
924
45
1380
4416
5148
5544
103
1583
1533
5749
838
3142
14617
13497
10
10
10
10
10
10
10
10
10
10
10
10
10
10
10
10
10
10
10
10
10
10
10
10
10
10
10
10
10
10
10
10
10
10
10
10
10
10
10
10
10
10
10
10
10
10
10
10
10
10
10
10
10
10
10
10
10
10
10
10
10
10
10
10
10
10
10
10
10
10
10
10
10
10
10
10
10
10
10
10
10
10
10
10
10
10
10
10
10
10
10
10
10
10
10
10
10
10
10
10
10
10
10
10
10
10
10
10
10
10
10
10
10
10
10
10
0.011111111
0.016666667
0.016666667
0.016666667
0.016666667
0.011111111
0.033333333
0.005555556
0.011904762
0.011904762
0.015873016
0.005291005
0.015873016
0.007936508
0.005291005
0.011904762
0.011904762
0.011904762
0.011904762
0.007936508
0.007936508
0.016666667
0.016666667
0.016666667
0.016666667
0.008333333
0.016666667
0.016666667
0.016666667
0.016666667
0.011111111
0.011111111
0.008333333
0.016666667
0.016666667
0.016666667
0.016666667
0.016666667
0.011904762
0.011904762
0.011904762
0.011904762
0.016666667
0.011904762
0.011904762
0.007936508
0.007936508
0.011904762
0.011904762
0.011904762
0.011904762
0.007936508
0.016666667
0.016666667
0.016666667
0.033333333
0.016666667
0.016666667
0.016666667
0.016666667
0.016666667
0.016666667
0.016666667
0.016666667
0.016666667
0.016666667
0.011111111
0.011111111
0.016666667
0.016666667
0.016666667
0.016666667
0.016666667
0.011111111
0.016666667
0.016666667
0.016666667
0.011111111
0.011111111
0.011111111
0.008333333
0.008333333
0.011111111
0.008333333
0.008333333
0.016666667
0.277777778
0.208333333
0.111111111
0.055555556
0.047619048
0.05
0.000771605
0.005555556
0.000771605
0.000578704
0.005555556
0.000771605
0.000534188
0.006944444
0.000694444
0.000420875
0.000347222
0.00125
0.001851852
0.001157407
0.000771605
0.000771605
0.004166667
0.000771605
0.000771605
0.001157407
0.000771605
0.005208333
0.000771605
0.000462963
108
722
310
1554
308
100
18
916
310
378
4
506
90
178
4486
1096
748
1556
1460
9296
1026
10
6
32
86
30
304
186
394
468
1768
24
100
122
30
64
482
10
2
2
32
98
280
10
110
30
670
88
28
2842
216
4054
12
2
6
8
2
110
2
22
20
38
124
92
18
14
102
202
86
50
80
316
116
70
66
340
54
26
14
380
112
490
88
10
174
50
12
42
136
244
208
862
1484
412
3644
26682
1174
3666
42926
2840
2606
1654
1908
102
3462
18062
19812
22464
152
5392
5220
26502
1734
6468
36792
27422
5
5
5
5
5
5
5
5
5
5
5
5
5
5
5
5
5
5
5
5
5
5
5
5
5
5
5
5
5
5
5
5
5
5
5
5
5
5
5
5
5
5
5
5
5
5
5
5
5
5
5
5
5
5
5
5
5
5
5
5
5
5
5
5
5
5
5
5
5
5
5
5
5
5
5
5
5
5
5
5
5
5
5
5
5
5
5
5
5
5
5
5
5
5
5
5
5
5
5
5
5
5
5
5
5
5
5
5
5
5
5
5
5
5
5
5